[app/ui]
version = 7.1.1
modtime = 1532400836.993278000

[app/launcher]
version = 7.1.1
modtime = 1532400836.994341000
